# unix_time, cycles_done, cur_path, paths_total, pending_total, pending_favs, map_size, unique_crashes, unique_hangs, max_depth, execs_per_sec
1649992244, 0, 0, 17, 17, 1, 0.85%, 0, 0, 1, 601.77
1649992249, 0, 17, 18, 17, 1, 0.87%, 0, 0, 2, 606.18
1649992254, 1, 10, 18, 15, 0, 0.87%, 0, 0, 2, 625.07
1649992259, 2, 3, 18, 13, 0, 0.87%, 0, 0, 2, 635.04
1649992264, 3, 0, 18, 12, 0, 0.87%, 0, 0, 2, 634.88
1649992270, 3, 3, 18, 10, 0, 0.87%, 0, 0, 2, 641.35
1649992275, 4, 11, 18, 9, 0, 0.87%, 0, 0, 2, 633.13
1649992280, 5, 15, 18, 8, 0, 0.87%, 0, 0, 2, 623.49
1649992285, 7, 7, 18, 7, 0, 0.87%, 0, 0, 2, 630.75
1649992290, 7, 12, 18, 6, 0, 0.87%, 0, 0, 2, 632.40
1649992295, 10, 4, 18, 5, 0, 0.87%, 0, 0, 2, 624.26
1649992300, 10, 17, 18, 4, 0, 0.87%, 0, 0, 2, 633.54
